OPTIONS LINESIZE=75 PAGESIZE=54 NODATE PAGENO=1;
TITLE 'EX8_2 - Three Group Disc Anal using Logistic Regression';

DATA TURKEY;
 INPUT ID 1-4 TYPE $ 6-7 SEX $9 AGE 11-12
   (HUM RAD ULN CAR FEM TIB TIN MAX MIN MMS BC STL STB KEL GB ANL HN TK WBL)
   (7*4.0 3*4.1 7*4.0 4.1 4.0);
  IF SEX='M';

   CHK=HUM+FEM+TIB+TIN+MAX+MIN+MMS+BC+STL; IF CHK=. THEN DELETE;
   DROP RAD ULN CAR KEL STB GB ANL HN TK WBL CHK;
   IF TYPE ^= 'BB' AND TYPE ^= 'W' THEN TYPE= 'OT';

CARDS;
2237 BB M  5 145             140 219 146 192 135 162  28 135  85 110      74  55 165
2229 BB M  5 153             146 232 148 201 143 171  28 161 101 134 130  87  72 174
2228 BB M  5 154             132 208 133 193 141 174  30 166  98 146 112  98  69 160
2232 BB M  5 154             141 228 146 206 145 175  30 155  95 119      82  57 145
2240 BB M  5 154             136 217 140 207 137 161  31 142     115      62  55 157
2244 BB M  5 154             146 227 144 191 140 161  30 156  96 130 117  93  64 160
2231 BB M  5 155             143 222 146 220 163 182  29 165     137      68  64 148 135
2233 BB M  5 155             144 231 151 196 149 173  30 142     114      83  57 157 121
2236 BB M  5 155             148 227 140 204 147 178  28 153  67 122 107  91  57 149
2239 BB M  5 155             141 215 146 203 149 175  28 150  90 118      75  60 163
2245 BB M  5 156             138 231 145 184 143 142  30 154  94 122      86  65 164
2247 BB M  5 156             148 236 148 197 142 163  31 154     119      88  63 155
2230 BB M  5 157             142 220 141 180 134 168  30 162  96 132      96  70 144 127
2235 BB M  5 157             151 229 143 188 142 168  30 149 100 116      88  67 175
2241 BB M  5 157             146 225 139 211 161 177  29 147  91 122 119  89  61 154
2243 BB M  5 157             141 224 144 189 143 168  29 164     129      92  62 160
2242 BB M  5 158             146 230 144 204 154 171  29 160  93 137 117  70  43 151
2234 BB M  5 160             149 231 149 201 143 160  29 148     119      83  52 142
2238 BB M  5 160             150 230 135 193 148 176  29 158  95 139     100  67 160
2246 BB M  5 165             150 235 152 189 137 158  31 158  88 131 116  98  65 162
2386  D F  4 122             117 173 106 157 115 141  25 119      95             122
2367  D F  4 124             115 181 116 151 115 135  25 128  70 104      70  50 109  98
2377  D F  4 125             118 186 118 153 125 137  24 182  64 141      79  47 117 106
2378  D F  4 125             114 180 117 164 119 140  25 123  74  98      72  50 111  98
2382  D F  4 125             117 177 112 161 106 139  23 124  69 103      68  47 103 100
2385  D F  4 125             118 184 117 152 120 134  24 114      93             106 102
2387  D F  4 125             114 179 116 145 111 131  24 120      98             110  95
2380  D F  4 126             117 173 116 148 117 130  24 123  68  98  84  69  49 120 101
2370  D F  4 127             116 180 117 152 118 139  24 123  73  98      66  48 120
2372  D F  4 128                 183 119 154 112 137  24 122     100      69     110
2373  D F  4 128             120 185 124 160 119 143  24 123  64  99  90  71  48 116 101
2379  D F  4 128             120 183 119 157 124 143  24 128     101      73  51 115 103
2383  D F  4 128             119 182 117 167 117 138  25 122  77  90 101  70  53 120 103
2376  D F  4 129             118 182 114 158 116 139  25 126  75 102      71  51 122 100
2368  D F  4 130             119 188 118 157 123 143  25 133  70 102      73  52 112 102
2375  D F  4 130             115 173 116 157 118 135  23 120  74 100      67  49 110 102
2384  D F  4 133             123 187 118 167 133 146  26 127  69 105      67  49 121  97
1018  D F  A 131 114 128     125 193 116 145 109 129  22 174  74 135 110  78  51 117
1014  D F  S 125 113 120  69 114 175 117 137 113 124  23 115                          91
1015  D F  S 122 110 117  71 114 170 117 149 110 137  22 111
1016  D F  S 118 108 115  70 109 164 113 137 108 116  21  99                          87
1017  D F  S 127 114 121  72 115 176 114 149 109 130  22 103                          95
1022  D F  S 123 109 119  71 114 174 118 156 124 129  22 115
1032  D F  S 131 113 126  69 122 193 122 164 118 138  23 128                     133 103
2352  D F 24 121             122 181 116 153 113 137  24 180  66 145  94  80  49 101 102
2355  D F 24 124             125 183 117 165 122 145  24 180  64 138  96  73  42 102 102
2364  D F 24 124             120 181 113 150 108 142  24 182  66 131      74  51 112 100
2350  D F 24 125             119 178 112 150 108 138  24 187  61 142  92  79  45 113 102
2353  D F 24 125             124 184 118 156 109 137  23 186  69 144 100  72  49 115 101
2354  D F 24 126             123 186 109 146 108 134  25 193  70 154      80  52 124 106
2359  D F 24 127             123 183 116 144 109 135  24 180  66 145  92  78  51 101  99
2360  D F 24 127             118 176 110 150 113 136  24 173  66 135  91  77  48 106  94
2361  D F 24 127             121 182 116 155 115 138  24 184  68 147      79  49 122 104
2366  D F 24 127             115 173 109 147 102 136  23 189  70 146      75  52 121 104
2357  D F 24 128             122 182 115 168 115 149  25 187  69 147      79  50 116 102
2347  D F 24 129             125 188 120 160 110 146  23 193  70 148 109  73  50 125 102
2348  D F 24 129             123 185 120 162 118 140  26 185  66 143  95  79  48  96 103
2349  D F 24 129             115 171 108 149 107 138  24 175  60 138      72  47 111  96
2362  D F 24 129             121 182 116 161 121 145  24 195  67 153 112  79  49 116 104
2358  D F 24 130             124 191 120 156 116 140  24 200  64 154  97  76  47 116 102
2363  D F 24 131             116 174 107 142 108 133  24 197  62 146 100  76  49 113 101
2356  D F 24 132             125 187 123 157 120 135  23 187  72 141      82  52 108 104
1020  D M  S 146 132 141  82 133 207 141 190 144 172  28 127                         113
1021  D M  S 152 137 145     139 214 145 190 140 168  29 134                         127
1023  D M  S 147 131 141  82 133 198 132 181 125 161  26 134                         117
1024  D M  S 145 130 138  81 129 193 128 200 136 177  26 124                         112
1025  D M  S 144 129 138  82 130 200 135 185 138 160  27 132                         112
1031  D M  S 150                 210 141 180 137 156  22 131                         120
1035  D M  S 150 136 144  85 137 212 142 191 142 175  27 128                     150 121
1052  D M  S 148 134 144  82 134 206 141 189 135 166  26 125                     142
2219 DB M 12 140 122 137     132 203 132 139 105 125  22 212  74 163 115 101  53  77 129
2343 GF F  6 127     124     115 185 123 114  81 101  19 186  58 148      83  38  75
2037 GF F  7 115 107 110     104 173 113 101  74  92  16 156  54 121      75  37  67
2331 GF F  9 124 108 120     117 189 125 115  85 100  20 180  58 135  85  80  40  66
2332 GF F  9 129 113 126     120 190 122 110  86 103  20 179  56 134  86  79  38  68 101
2340 GF F 10 122 105 120     113 178 115 115  87 105  19 179  55 131      82  41  70 101
2337 GF F 10 125 109 122     116 190 119 105  82  95  20 173  57 126      80  41  73
2324 GF F 11 117 105 117     110 173 116 111  82 100  20 164     131      77  40  75
2019 GF F 12 122     121     113 179 116 119  90 112  18 189  57 145      82  42  77
2036 GF F 12 119 105 114     109 175 117 127  84 106  17 172  55 131      79  40  78
2038 GF F 12 122 107 116     115 186 122 117  80 103  17 172     146      85  40  76
2346 GF F 12 130 114 127     120 195 128 114  88 101  19 186  56 150      80  41  81
2319 GF F AA 121 108 120  64 114 177 114 117  85 102  20 177     136      79  42  92
2325 GF F AA 121 106 119     117 178 117 124  86 112  20 180  54 132      82  39  76 100
2339 GF F AA 123 108 122     116 184 126 118  89 104  20 186     148      82  42  73 103
2039 GF F AA 125     124     117 188 124 118  86 104  18 189  57 151  84  84  41  68
2344 GF F AA 125     125     118 189 120 114  92 109  20 187  59 136      80  41  76
2333 GF F AA 126 109 123     120 183 119 117  84 105  20 177  58 137      80  41  81 101
2329 GF F AA 130 114 128     119 193 130 118  83 103  20 196  60 154      87  42  74 107
2336 GF F AA 138 122 134     126 208 141 118  87 103  20 177  59 141      84  42  84
2122 GF M  9 142 124 141     130 211 135 149  98 135  22 196  76 135     104  53  85 124
2249 GF M  9 143 124 142     131 211 135 148 101 127  22 198     135     102  53  86 126
2330 GF M  9 154 135 151     142 229 149 147 103 128  24 205  68 147     106  48  82 136
2327 GF M  9 157 141 157     144 239 155 137  96 122  24 196  71 141  99 105  51  82 136
2326 GF M  9 164 147 162     148 242 155 144 105 131  25 226  79 169     119  53  83 143
2323 GF M 11 156 138 153     143 234 151 138 100 124     223  67      93      51  76 138
2334 GF M 24 153 136 152  83 145 233 147 141 106 127  25 226  66 175 102 110  55  81 140
2040 GF M AA 147 130 146     136 222 146 149  95 131  21 218  70 175 107 111  52  94
2088  W F  3 101  96 101      89 140  97  88  63  75  17  83      60      54  27  57
2041  W F  6 101  94 100      90 148 100  74  63  71  17  89  29  47      63  31  70
2116  W F  6 107 098 103      92 152 102  85  62  78  17  94      63      59  28  64
2074  W F  6 117 100 113     110 172 112 115  88      17 157  52 110      72  37  80
2102  W F  6 121 105 119     113 182 117 111  83 102  19 172  56 133      81  39  80 100
2075  W F  6 123 118 107     110 175 119 100  73  98  18 131  50  91  65  71  37  68  94
2129  W F  6 123 109 121     114 183 113 112  78  96  18 149  51 113  64  77  36  66  99
2121  W F  6 124 108 122     110 183 113 101  74  92  17 141  50 110      72  38  73
2210  W F  6 124 108 122     110 182 116  97  69  88  17 140  50 103  65  70  38  77
2117  W F  7  99  92  98      98 137  93  82  62  73  17  82      58      57  26  59
2023  W F  7 127 110 124     118 192 123 113  84 103  18 177  56 142  80  73  40  75
2131  W F  8 124 110 122     117 190 121 115  88 106  17 186  59 145  82  82  43  70 105
2133  W F  9 118 104 115     108 180 119 114  80 108  17 173  49 130  79  71  39  74  91
2043  W F  9 120     118     111 176 110 100  83  94  18 167  56          77  39  69 100
2100  W F  9 120 106 118     113 183 118 106  88  97  19 167  71 131  75  71      77 100
2107  W F  9 120 115 117         182 112 117  89 106  17 175  54 141      77  39  77
2026  W F  9 121 114 120     109 183 123 119  86 105  18 170  53 130      80  37  70
2061  W F  9 121 113 120     112 185 120 108  78  96  17 180  53 133  78  74  49  78
2060  W F  9 122 112 120     114 179 120 119  86 106  18 175  54 132      82  40  73 101
2022  W F  9 123 106 119         186 122 104  80 100  17 163  53 133  77  80  37  71  97
2056  W F  9 125 109 122     118 197 125 103  82 102  17 172  58 135  82  78  40  76 105
2059  W F  9 125 110 123     117 189 118 117  84 106  18         133              75
2109  W F  9 127 110 124     119 193 130 118  92 108  17 182  54 137  84  84  40  80
2024  W F  9 129             119 195 126 124  87 110  18 191  58 149  79  78  40  81 107
1050  W F  S 120             102 163 111  97  77  91      97
2058  W F 10 123 109 122         182 114 107  78  96  16      56              43
2103  W F 10 123 109 121     113 176 111 105  87 103  20 178  54 137      75  34  85
2114  W F 10 123 111 123     115 190 120 110  85 102  16 184  53 143  81  83  40  79
2057  W F 10 124 104 123     112         112  82         172  53 137  78  77  41  75 100
2108  W F 10 125 110 121     115 170 110 117  77 102  17 158  53 120      77  41  70
2044  W F 11 129 114 127                                      55          82  39  72
2046  W F 12 119             107 175 116 105  83 101  16 169  52 134  83  72  36  77 100
2112  W F 12 120 106 120     110 180 118 113  82 103  17 169  51 132      76  36  78
2282  W F 12 121 111 118                                 171  80 131  53  75  37  69 103
2070  W F 12 125                 195 124 112  80 100  18 180  53 136      86  53  66
2016  W F 24 124 114 120     114 185 120 108  82 109  18 180     139      80  39  75
2069  W F 24 126             118 193 124 107  89 102  18      53              40
2068  W F AA 111     106         160 103  91  72  87  16                  62  36  70
2011  W F AA 112  96 107     104 167 108  96  69  87  16 161  47 133  64  69  32  71
2169  W F AA 115 103 115     106 181 118 100  75  95  17 161  49 131      79  35  69
2013  W F AA 117 102 115     118 173 110 103  87 100  16 165  54 125      78  38  71
2167  W F AA 119 105 115     108 183 121 106  79  94  17                  76  35  69
2311  W F AA 119 104 115     110 180 117 100  74  99  17 178  82 139  53  79  39  71
2312  W F AA 119 105 118     113 181 118 120  88 107  19 183     142  59  79  41  80 103
2012  W F AA 120 115 113     110                      17 170  53 130      74  37  77  94
2014  W F AA 120 106 118     113 186 121 112  78 102  17 174  57 132  80  71  37  83  99
2305  W F AA 120 107 119     112 186 128 110  81  95  17              51  80  37  75
2307  W F AA 120 103 115     110 180 116  95  73  85  17 175  77 135  52  80  37  67  99
2396  W F AA 120 106 119     117 188 124 107  82  97  20 179  54 156      78  39  70 114
2171  W F AA 121 110 122     117 192 123 120  89 109  19 194  56 159  76  90  42  88
2176  W F AA 121 111 124     118 184 119 112  87 104  19 174  54 141  83  84  37  68 102
2263  W F AA 121 106 116     119 175 113 105  80  93  18 172  85 129  55  76  49  72 104
2395  W F AA 121             110 182 121 104  74  92  19 171  51 129      71  37  62  98
2076  W F AA 122 106 119     113 186 116 116  86 105  16 180  54 142  75  83  41  82 105
2078  W F AA 122 108 120     111 182 122 105  79  99  16 180  52 137  71  80  38  73 101
2081  W F AA 122 113 121     116 188 125 116  80 105  18 173  54 134  86  79  40  75 105
2173  W F AA 122 109 122  67 115 184 117 119  86 105  18 187  54 148  79  84  37  84 103
2174  W F AA 122 107 114     118 186 122 112  83  95  18 182  54 143  76  81  38  72 104
2255  W F AA 122 108 121     114 181 115 108  79  95  18 183     139  55  81  38  70
2267  W F AA 122 110 121         183 124 117  87 102  18 177     133  56  81  39  71 105
2310  W F AA 122 108 121     112 181 124 115  80 100  18
2394  W F AA 122 103 119     111 180 120 105  89  99  20 172  50 140      83  37  78
2428  W F AA 122 109 121     112 187 123 116  82 103  17 166  51 132  77  75  36  73 100
2071  W F AA 123 107 120     115 187 126 113  75      16 180  52 104      80  33  60 100
2175  W F AA 123 112 125     118 190 130 120  85 108  19 181  54 143  79  85  41  81 106
2177  W F AA 123 105 119     118 184 121 118  87 105  18         134              73
2257  W F AA 123 108 121     114 185 116 103  79  92  19 172     133  55  80  40  67
2265  W F AA 123 111 121     112 183 121 116  80 100  18              51
2306  W F AA 123     121  69 110 181 119 105  81  97  18 170  86 137  56  87  39  75
2389  W F AA 123 107 119     115 186 118 148  75  90  18      49 138          37      98
2082  W F AA 124 110 120     115 187 123 118  80 100  18 174  53 139      82  40  83 101
2106  W F AA 124 110 121         180 117 108  80  99  18                      41
2168  W F AA 124     120     112 183 119 102  79  99  18 177  55 125  82  81  38  81  94
2251  W F AA 124 110 121     117 183 119 117  82 100  20 181     146  55  82  40  66
2277  W F AA 124 109 121     116 189 119 102  84  93  19 183  81 146  57  82  41  74 106
2283  W F AA 124 110 122     116 185 118 115  85 101  18 192  86 146  58  76  43  80 105
2308  W F AA 124 106 121     115 181 117 120  88 102  19 185  85 145  54  83  38  79
2313  W F AA 124 106 120     115 187 122 110  82  97  19 176  77 140  54  81  39  77 105
2079  W F AA 125 109 123     118 188 123 126  93 110  18 181  58 143  84  78  44  90  99
2182  W F AA 125 111 124     118 188 124 115  91 102  20 185  59 136  86  84  39  85
2254  W F AA 125 110 122     116 182 121 107  75  92  18 175  81      52      38     105
2397  W F AA 125 109 122     117 185 117 110  83  97  19 179  55 143      81  39  77
2309  W F AA 126 109 122     119 188 118 118  82 104  19 180  82 144  57  82  40  76
2315  W F AA 126 110 124     115 185 120 106  84  98  19 182  84 140  55  84  41  70 106
2316  W F AA 126     127     117 195 127 109  76  90  19 179  84 143  53  81  37  86 105
2390  W F AA 126 111 124     118 188 119 161  87  98  19 181  54 137      80  40  71
2066  W F AA 127 101 122     117 187 125 128  95 105  18 172  56              40
2180  W F AA 127 113 126     117 191 126 123  83 106  19 191  58 153      84  38  80
2261  W F AA 127 110 123     117 183 120 106  80 100  18 177     136  60  83  42  65 104
2266  W F AA 127 112 124     118 192 125 108  81  98  18 183     141  60  83  42  65 107
2274  W F AA 127 111 125     118 187 118 114  85 100  20 180     135  54  84  42  70
2314  W F AA 127 112 125     116 190 125 113  80 100  19 187  87 142  56  83  41  70 106
2429  W F AA 127 111 123     115 184 124 115  87 105  18                      40
2170  W F AA 128 114 122     121 193 124 119  92 105  20 185  56 145  78  79  42  76  99
2178  W F AA 128 116 122     121 195 132 131  92 112  19 195  58 154 114  86  41  83 108
2273  W F AA 128 113 125     120 193 129 115  83 100  19 180  85      55  69         106
2083  W F AA 129 111 125     120 190 127 117  82 105  18 177  55 134  82  79  40  83 102
2115  W F AA 129 112 124     116 188 120 118  88 111  18 148  56 105  85  79      85
2172  W F AA 129 111 126     119 196 121 111  83  99  19 182  57 142  78  86  38  75 105
2279  W F AA 129 112 124     117 188 123 122  80 103  19              55  84  41  70 110
2284  W F AA 129 115 126         192 121 106  82  96  18 176     140  52  78  48  60 102
2398  W F AA 129             118 190 126 109  80 100  20 190  53 157      86  37  78 107
2399  W F AA 129 116 128     119 191 128 108  90  98  19 181  55 137      81  40  71 102
2136  W F AA 130                 190 122 110  84 101  18 185  56  90      82  38  79 105
2268  W F AA 130 114 128     120 197 128 113  82 100  20 187     140  60  85  41  68 107
2304  W F AA 130 112 125     122 197 123 111  85 105  20 176  82 133  59  83  43  77
2126  W F AA 131 115 122     130 192 123 118  85 100  18         144
2253  W F AA 131 115 127     119 190 121 114  83  99  19      86      56  87  39  81 109
2393  W F AA 131 114 126     119 190 122 114  89 106  20 183  56 141  86  85  42  77 116
2275  W F AA 132 116 130     125 198 133 125  90 110  21 188     150  59  86  43  72 112
2072  W F AA 133             123 202 133 114  86 100  19 190     152  89  60  40  71 100
2388  W F AA 134 118 130     124 201 132 113  88 101  20 194  60 154      80  43  80
2087  W F AA 128 113 124     118 184 125 115  82 106  17 191  53 151  79  80  37  71
2085  W M  6 143 129 140     129 221 140 112  86 102  20 148  62 108  74  93  45  78 120
2084  W M  6 148 136 143     129 220 142 118  88 106  21 143  64 107      93  46  85
2080  W M  6 152 134 150         232 150 129  92 116  22                          85
2086  W M  6 154 139             228 161 144  97 122  21 147     104      93  47  97
2073  W M  7 147 130 143     135 226 156 138  94 123  21      69         103  42  86
2135  W M  7 154 138 155     140 232 153 143  99 124  22 207  71 141 103  99  51  96
2020  W M  9 152 138 154     140 240 155 127  97 120     201  71 153  93 107  52  88 143
2021  W M  9 152 141 154     143 229 145 123  92 116     205  69 155  97 102  50  87
2130  W M  9 154 140 153     143 238 154 136 102 124  22 218  69 168 106 100  50  86 139
2113  W M 10 150 131 144     131 217 142 128  93 113  19 189  61 142  86  92  45  85 135
2053  W M 10 153 132 147     138 222 150 141  93 125  22 208  74 158 118 106  52     133
2128  W M 10 158 136 154     142 234 151 146 105 134     222  70 156 100 108  49  91 145
2127  W M 10 163 143 157     149 241 157 139 102 125  22 223  75 169 106 106  55  86 152
2055  W M 10 165 146 163     151 248 162 140 101 122  22 214  77 139 103 106  55  99 146
2110  W M 11 147                 240 157 138 103 126  23 227  66 178     112  49  89 144
2052  W M 11 153 135 152     142 230 148 143 104 125  23 219  74 174  95 117  51  75 140
2099  W M 11 153 138 152     141 230 151 138 101 128  23 218  76 171     113  51  75 135
2101  W M 12 147             135 232 153 132  92 125  21 229  66 163     100  37  85
2150  W M 12 148 138 147     137 231 148 124  93 115  21 220  69 155          58  80
2096  W M 12 150 134 149     137 225 144 118  90 108  22 209  67 151     102  46  81
2154  W M 12 150 137 149     138 227 144 144 108 130  22 208  73 170     102  51  78
2048  W M 12 151 133 148     136 233 156 137  90 118  19 198  66 151  85 103  48  80 140
2161  W M 12 153 141 151     140 229 152 145 103 128  23      76 171 100 109  51  81 141
2111  W M 12 154 127 152     139 227 150 149  99 130  22 222  66 170     116  49  88 142
2098  W M 12 155             145 231 145 130  91 119  23 213  79 167     108  47  69 141
2054  W M 12 158             148 239 150 135 102 126  23 217  72 165  85 115  49  75 145
1012  W M 24 151 135 151  82 139 228 139 130  98 123  22 213  73 178 100 111  54  85 132
2163  W M 24 148             141 228 151 139  99 123  22 229  70 173  93 108  49  75 132
2296  W M 24 149 136 148     137 236 153 132  98 122  22 220     174  66 115  48  70 143
2148  W M 24 152 135 152     140 230 154 136 105 124  22 215  68 170 105 103  48  79 133
2144  W M 24 153 140         144 234 147 138 110      24 220  72 182     110  51  93
2145  W M 24 154 138 155  83 141 241 163 139 108 124  23 204  66 165     117  47  76
2422  W M 24 155             143 234 152 143  99 130  21 227  67 182     114  51  76
1049  W M 24 160             146 238 159 138 106 125  23 223  75 177 110 113  55  79
1013  W M AA 154             146 234 151 147 107 135  23 232  75 193 112 110  56  73 133
1033  W M AA 158             144 238 151 131  97 119  23 222  73 180 110 114  54  80 139
1034  W M AA 156 138 154  83 141 233 156 147 102 130  22 218  72 183 103 116  54  75
1051  W M AA 151             140 234 151 148 103 039  22 221  67 187     114  52  74
2286  W M AA 137 120 135     124 201 131 120  90 107  20 190     141  66  94  45  72
2295  W M AA 141             131 220 149 135  91 117  21 204  88 166  60 103  45  65 138
2035  W M AA 144 126 141     134 221 145 137  92 125  21 220  82 176  95 110  49  81
2301  W M AA 144             130 231 153 126  91 117  21 211  91 173  65 108  45  68 134
2160  W M AA 145 125 142     136 222 143 125  91 120  21 201  63 180  97 102  47  65 129
2017  W M AA 146 124 148     133 225 148 132  90 117  20 206  66 164  97  98  45  69 130
2288  W M AA 148 129 144     136 222 146 140  96 127  22 201 105 158  91 106  48  80 143
2164  W M AA 149 134 150     140 226 153 151 105 132  24 231  72 171 104 121  49  86
2287  W M AA 149             136 223 143 130  95 122  23 222 103 176  71 106  51  78
2028  W M AA 150     150     137 231 150 141 104 127  22 219  72 183  94 110  48  72
2027  W M AA 151 129 146     135 227 155 130  89 118  20 211  62 164  96 110  47  81 135
2034  W M AA 151 132 148     137 223 148 157 104 132     216  69 167  97  99  52  75
2030  W M AA 152 135 150     141 233 154 149  99 133  22                             136
2134  W M AA 152 138 153     146 235 156 135 100 124  22 214  70 169 107 105  50  80 133
2250  W M AA 152 135 151     140 232 160 144 103 128  24 223     176     119  76  72 150
2285  W M AA 152             141 232 153 137  95 120  22                             145
2302  W M AA 152 133 148     142 229 142 138 110 132  23
2031  W M AA 153 136 150     137 234 160 142 102 131  21 222  68 174     111  50  81 145
1013  W M AA 154             146 234 151 147 107 135  23 232  75 193 112 110  56  73 133
2018  W M AA 154 136 151     140 236 150 142 102 128  21 211  73 164 104 109  52  88 149
2132  W M AA 154 133 151     144 227 148 141 100 124  23 223  71 183 108 117  53  71 142
2289  W M AA 154 138 154     142 232 156 132  94 112  22                             140
2297  W M AA 154 136 153     147 239 163 140 105 133  23 229     187  71 117  51  73 145
2293  W M AA 155             141 229 153 144 100 130  23 223 104 179  71 113  48  71 144
2032  W M AA 156 139 155     143 237 152 146 102 132  22 229  72 173 110 113  54  85 139
2299  W M AA 156 135 148     140 236 162 133  96 120  23 217 106 175          52  78 140
2300  W M AA 156 135 152     143 233 149 140 104 125  24 225 101 181  71 117  49  66 145
2165  W M AA 157 138 154  83 145 235 147 135  99 126  22 222  70 186     117  51  79
2426  W M AA 158             142 235 152 139 112 126  21 223  70 174  97 119  51  84
2166  W M AA 161 142 158     142 251 163 144 102 131  23 229     187 106 125  52  85 144
2215 WH F  6 118 114 125     119 187 119  99  84 102  19 190  57 147      81  39  87 100
2211 WH F  6 130 115 127     120 193 116  97  74  91  18                          76
2218 WH F  7 123 107 120     117 183 118 118  80 101  19 183  54 148  72  81  38  74
2216 WH F  7 125 110 121     116 184 122 113  75 102  19 181  50 147  79  79  32  82  96
2227 WH F  8 127 111 122         188 124 119  84 106  19 183  58 146  84  64  41  83
2208 WH F  9 124 113 125     118 191 125 109  82  98  19
2212 WH F  9 124 107 116     111 175 115 113  84 102  18                          67
2213 WH F  9 124 108 121     115 179 118 100  80  94  18 168  55 133      71  60  68  92
2222 WH F  9 125 111 123     117 185 118 109  87 102  18 179  55 145  81  76  39  88 105
2225 WH F  9 125 109 121     118 186 125 119  84 109  18      55                      97
2209 WH F  9 126 111 123     117 188 115  96  76  92  18 175  54 137      77  39  74
2223 WH F  9 127 112 122     117 191 125 112  84 100  18
2193 WH F  9 128 110 122     117 184 121 119  84  93  19
2224 WH F  9 128 112 125     117 186 119 112  86  99  18 171  51 142  75  76  68  79
2217 WH F 10 119 112 125     117 187 122 111  77 102  19 178  56 140  84  63  42  80 102
2226 WH F 10 131 115 128     120 196 124 111  81 105  18 183  55 141  80  92  41  81
2185 WH F 12 106     102     100 155 100  88  75  86  18 152  55 103      60  38  68  87
2183 WH F 12 108  94 105     101 156 103 104  76  86  17 158  53 113  80  64  38  74  92
2202 WH F 12 110     109     117 159 116 102  75  92  17 160  51 113  70  76  36  63  88
2200 WH F 12 113 101 113     108 168 113 118  81 101  18 182  56 128  86  64  40  64
2199 WH F AA 115 100 112     110 166 105 109  77  98  19 162          54  74  42  69  96
2198 WH F AA 117 105 116     112 182 115 109  84  97  18 162  52 121  73  79  37  75  96
2195 WH F AA 123 111 122     114 178 115 118  88  99  19 177  57 129  80  75  38  77 101
2187 WH F AA 125 111 122     116 188 120 107  72  92  18                      38
2025 WH F AA 126 109 123     120 184 118 125  96 117  20 179  60 130  92  88  43  80
2192 WH F AA 126 109 122     117 189 118 110  79  97  18      35              39      94
2194 WH F AA 128 110 124     118 183 121 105  85  97  18 176  52 142  79  80  38  78 105
2191 WH F AA 129 113 125     119 189 122  91  80  85  18 152  35 113      70  41  60
2190 WH F AA 130 112 125     119 195 130 122  86  96  20
2196 WH F AA 130 114 127     118 186 125 115  87  98  19 177  54 146  82  81  39  79 101
2197 WH F AA 131 114 128     119 195 127 112  86  98  19 166  55 123  84  80  42  66 105
2271 WH F AA 132 115 129     124 192 123 130  97 114  20 194  92 147  63  85  45  74 112
2205 WH F AA 134             123 193 128 108  81  96  19 186  56 149  86  83  63  71
2188 WH M  9 149 135 147         232 148 131 110 111  23 211  69 161     117  48  92
2189 WH M  9 150 136 150     142 231 151 136 103 119  23
2203 WH M 12                     223 145 142 102 127  24 213  74 166     109  54  82
2207 WH M 12 141 126 140     131 210 131 122  91 112  21 197  70 145     101  51  78 114
2124 WH M 12 142 122 141     131 212 138 142 104 124  23 212  72 152 102 113  51  69 128
2248 WH M 12 143 130 142     132 212 133 140  94 116  23 212  73 153 100 109  50  75 130
2206 WH M AA 156 139 159     144 241 161 131 100 118  24 232  56 188 101 118  52  86
2204 WH M AA 159 138 155     143 236 148 136  98 122  23 214  68 163  96 112  65  75 141
2002 WM M AA 148             135 221 151 139  97 125  22 222  74 177 102 105  52  76
2003 WM M AA 152 138 153     139 228 153 144  99 128  23 208  71 162  98 104  51  69
2010 WO M AA 151             137 232 151 134  89 118  20 220  66 174 100 106  47  79 132
2007 WR M 11 146 135 149     134 225 147 130  97 126  22 220  73 172  95 112  54  81 135
2004 WR M 11 157 138 154     144 240 144 148 102 136  23 223  77 184 109 114  56  83
2006 WR M AA 158             146 247 159 145 104 133  23 229  78 176  98 125  58  78
;
PROC PRINT;
 RUN;

TITLE2 'ANALYSIS 1';
PROC SORT DATA=TURKEY OUT=TURKEY; BY ID;

DATA TURKEY2; SET TURKEY; IF TYPE='W' THEN DELETE;
DATA TURKEY3; SET TURKEY; IF TYPE='OT' THEN DELETE;

PROC  LOGISTIC DATA=TURKEY2 DESCENDING;
 MODEL TYPE = HUM TIB TIN;
 RUN;

PROC  LOGISTIC DATA=TURKEY3 DESCENDING;
 MODEL TYPE =HUM TIB TIN;
 RUN;

DATA FINAL; SET TURKEY;
  G1 = 32.1633-.3663*HUM+.0111*TIB+.1497*TIN;
  G2 =  6.1005-.5759*HUM+.1831*TIB+.2827*TIN;
  EG1=EXP(G1); EG2=EXP(G2);
  SUM= 1+EG1+EG2;
  P1=1/SUM; P2=EG1/SUM; P3=EG2/SUM;
  IF P1>P2 AND P1>P3 THEN PREDICT='BB';
  IF P2>P1 AND P2>P3 THEN PREDICT='OT';
  IF P3>P1 AND P3>P2 THEN PREDICT='W ';
RUN;

PROC PRINT DATA=FINAL;
 VAR ID TYPE P1 P2 P3 PREDICT;
 RUN;

PROC FREQ;
 TABLES TYPE*PREDICT;
 RUN;

TITLE2 'ANALYSIS 2';
PROC LOGISTIC DATA=TURKEY;
 MODEL TYPE =HUM--STL/SELECTION=BACKWARD SLSTAY=.10;
 OUTPUT OUT=PDICTS  PREDICTED=PHAT;

DATA ONE;
 SET PDICTS;
 IF _LEVEL_='BB' THEN P1=PHAT;

 IF _LEVEL_='BB';

DATA TWO;
 SET PDICTS;
 IF _LEVEL_='OT' THEN P2=PHAT;
 IF _LEVEL_='OT';

DATA THREE; DROP _LEVEL_;
 MERGE ONE TWO;
 P2=P2-P1;
 P3=1-P1-P2;
RUN;

DATA FINAL; SET THREE;
 IF P1>P2 AND P1>P3 THEN PREDICT='BB';
 IF P2>P1 AND P2>P3 THEN PREDICT='OT';
 IF P3>P1 AND P3>P2 THEN PREDICT='W ';

PROC PRINT; VAR ID TYPE P1 P2 P3 PREDICT;

PROC FREQ;
 TABLES TYPE*PREDICT;
 RUN;
